F 0 0 00000000000000010000000110110111
D 4 0 00000000000000010000000110110111
F 4 1 11111111111100000000101000010011
E  8 0 00000000000000010000000110110111
D 8 1 11111111111100000000101000010011
F 8 2 00010010000000000000000011100011
M  8 0 00000000000000010000000110110111
E  8 1 11111111111100000000101000010011
D 8 2 00010010000000000000000011100011
W  80 0 00000000000000010000000110110111
M  80 0 11111111111100000000101000010011
E  80 1 00010010000000000000000011100011
W  80 0 11111111111100000000101000010011
M  80 0 00010010000000000000000011100011
F 80 1 00000000000000001000000001100111
W  80 0 00010010000000000000000011100011
D 80 0 00000000000000000000000000010011
E  88 0 00000000000000000000000000010011
F 88 1 11111111111111011010000011101111
M  88 0 00000000000000000000000000010011
D 88 1 11111111111111011010000011101111
W  88 0 00000000000000000000000000010011
E  88 0 11111111111111011010000011101111
M  16 0 11111111111111011010000011101111
F 16 1 11111111010000010000000100010011
W  20 0 11111111111111011010000011101111
D 20 0 11111111010000010000000100010011
F 20 1 00000000010000010010000000100011
E  24 0 11111111010000010000000100010011
D 24 1 00000000010000010010000000100011
F 24 2 00001000010100010010000000100011
M  28 0 11111111010000010000000100010011
E  28 1 00000000010000010010000000100011
D 28 2 00001000010100010010000000100011
F 28 3 00010000011000010010000000100011
W  32 0 11111111010000010000000100010011
M  32 0 00000000010000010010000000100011
E  32 1 00001000010100010010000000100011
D 32 2 00010000011000010010000000100011
F 32 3 00000000000000000000001000010011
W  40 0 00000000010000010010000000100011
M  40 0 00001000010100010010000000100011
E  40 1 00010000011000010010000000100011
D 40 2 00000000000000000000001000010011
F 40 3 00000000001100100000001010110011
W  44 0 00001000010100010010000000100011
M  44 0 00010000011000010010000000100011
E  44 1 00000000000000000000001000010011
D 44 2 00000000001100100000001010110011
F 44 3 00000000000000101010001100000011
W  48 0 00010000011000010010000000100011
M  48 0 00000000000000000000001000010011
E  48 1 00000000001100100000001010110011
D 48 2 00000000000000101010001100000011
F 48 3 00000011010000110000000011100011
W  48 0 00000000000000000000001000010011
M  48 0 00000000001100100000001010110011
E  48 1 00000000000000101010001100000011
D 48 2 00000011010000110000000011100011
W  48 0 00000000001100100000001010110011
M  48 0 00000000000000101010001100000011
E  48 1 00000011010000110000000011100011
W  52 0 00000000000000101010001100000011
M  52 0 00000011010000110000000011100011
F 52 1 00000000000100100000001000010011
W  56 0 00000011010000110000000011100011
D 56 0 00000000000100100000001000010011
F 56 1 01111010000000000000111111100011
E  56 0 00000000000100100000001000010011
D 56 1 01111010000000000000111111100011
M  32 0 00000000000100100000001000010011
E  32 1 01111010000000000000111111100011
W  32 0 00000000000100100000001000010011
M  32 0 01111010000000000000111111100011
F 32 1 00000000000000000000001000010011
W  40 0 01111010000000000000111111100011
D 40 0 00000000000000000000000000010011
F 40 1 00000000001100100000001010110011
E  44 0 00000000000000000000000000010011
D 44 1 00000000001100100000001010110011
F 44 2 00000000000000101010001100000011
M  48 0 00000000000000000000000000010011
E  48 1 00000000001100100000001010110011
D 48 2 00000000000000101010001100000011
F 48 3 00000011010000110000000011100011
W  48 0 00000000000000000000000000010011
M  48 0 00000000001100100000001010110011
E  48 1 00000000000000101010001100000011
D 48 2 00000011010000110000000011100011
W  48 0 00000000001100100000001010110011
M  48 0 00000000000000101010001100000011
E  48 1 00000011010000110000000011100011
W  52 0 00000000000000101010001100000011
M  52 0 00000011010000110000000011100011
F 52 1 00000000000100100000001000010011
W  56 0 00000011010000110000000011100011
D 56 0 00000000000100100000001000010011
F 56 1 01111010000000000000111111100011
E  36 0 00000000000100100000001000010011
D 36 1 01111010000000000000111111100011
M  36 0 00000000000100100000001000010011
E  36 1 01111010000000000000111111100011
W  40 0 00000000000100100000001000010011
M  40 0 01111010000000000000111111100011
F 40 1 00000000001100100000001010110011
W  44 0 01111010000000000000111111100011
D 44 0 00000000001100100000001010110011
F 44 1 00000000000000101010001100000011
E  48 0 00000000001100100000001010110011
D 48 1 00000000000000101010001100000011
F 48 2 00000011010000110000000011100011
M  48 0 00000000001100100000001010110011
E  48 1 00000000000000101010001100000011
D 48 2 00000011010000110000000011100011
W  48 0 00000000001100100000001010110011
M  48 0 00000000000000101010001100000011
E  48 1 00000011010000110000000011100011
W  52 0 00000000000000101010001100000011
M  52 0 00000011010000110000000011100011
F 52 1 00000000000100100000001000010011
W  56 0 00000011010000110000000011100011
D 56 0 00000000000100100000001000010011
F 56 1 01111010000000000000111111100011
E  36 0 00000000000100100000001000010011
D 36 1 01111010000000000000111111100011
M  36 0 00000000000100100000001000010011
E  36 1 01111010000000000000111111100011
W  40 0 00000000000100100000001000010011
M  40 0 01111010000000000000111111100011
F 40 1 00000000001100100000001010110011
W  44 0 01111010000000000000111111100011
D 44 0 00000000001100100000001010110011
F 44 1 00000000000000101010001100000011
E  48 0 00000000001100100000001010110011
D 48 1 00000000000000101010001100000011
F 48 2 00000011010000110000000011100011
M  48 0 00000000001100100000001010110011
E  48 1 00000000000000101010001100000011
D 48 2 00000011010000110000000011100011
W  48 0 00000000001100100000001010110011
M  48 0 00000000000000101010001100000011
E  48 1 00000011010000110000000011100011
W  52 0 00000000000000101010001100000011
M  52 0 00000011010000110000000011100011
F 52 1 00000000000100100000001000010011
W  56 0 00000011010000110000000011100011
D 56 0 00000000000100100000001000010011
F 56 1 01111010000000000000111111100011
E  36 0 00000000000100100000001000010011
D 36 1 01111010000000000000111111100011
M  36 0 00000000000100100000001000010011
E  36 1 01111010000000000000111111100011
W  40 0 00000000000100100000001000010011
M  40 0 01111010000000000000111111100011
F 40 1 00000000001100100000001010110011
W  44 0 01111010000000000000111111100011
D 44 0 00000000001100100000001010110011
F 44 1 00000000000000101010001100000011
E  48 0 00000000001100100000001010110011
D 48 1 00000000000000101010001100000011
F 48 2 00000011010000110000000011100011
M  48 0 00000000001100100000001010110011
E  48 1 00000000000000101010001100000011
D 48 2 00000011010000110000000011100011
W  48 0 00000000001100100000001010110011
M  48 0 00000000000000101010001100000011
E  48 1 00000011010000110000000011100011
W  52 0 00000000000000101010001100000011
M  52 0 00000011010000110000000011100011
F 52 1 00000000000100100000001000010011
W  56 0 00000011010000110000000011100011
D 56 0 00000000000100100000001000010011
F 56 1 01111010000000000000111111100011
E  36 0 00000000000100100000001000010011
D 36 1 01111010000000000000111111100011
M  36 0 00000000000100100000001000010011
E  36 1 01111010000000000000111111100011
W  40 0 00000000000100100000001000010011
M  40 0 01111010000000000000111111100011
F 40 1 00000000001100100000001010110011
W  44 0 01111010000000000000111111100011
D 44 0 00000000001100100000001010110011
F 44 1 00000000000000101010001100000011
E  48 0 00000000001100100000001010110011
D 48 1 00000000000000101010001100000011
F 48 2 00000011010000110000000011100011
M  48 0 00000000001100100000001010110011
E  48 1 00000000000000101010001100000011
D 48 2 00000011010000110000000011100011
W  48 0 00000000001100100000001010110011
M  48 0 00000000000000101010001100000011
E  48 1 00000011010000110000000011100011
W  44 0 00000000000000101010001100000011
M  44 0 00000011010000110000000011100011
F 44 1 00000000000000101010001100000011
W  48 0 00000011010000110000000011100011
D 48 0 00000000000000000000000000010011
F 48 1 00000011010000110000000011100011
E  48 0 00000000000000000000000000010011
D 48 1 00000011010000110000000011100011
M  56 0 00000000000000000000000000010011
E  56 1 00000011010000110000000011100011
W  56 0 00000000000000000000000000010011
M  56 0 00000011010000110000000011100011
F 56 1 01111010000000000000111111100011
W  36 0 00000011010000110000000011100011
D 36 0 00000000000000000000000000010011
E  40 0 00000000000000000000000000010011
F 40 1 00000000001100100000001010110011
M  44 0 00000000000000000000000000010011
D 44 1 00000000000000000000000000010011
F 44 2 00000000000000101010001100000011
W  48 0 00000000000000000000000000010011
E  48 0 00000000000000000000000000010011
D 48 1 00000000000000101010001100000011
F 48 2 00000011010000110000000011100011
M  60 0 00000000000000000000000000010011
E  60 1 00000000000000101010001100000011
D 60 2 00000011010000110000000011100011
W  60 0 00000000000000000000000000010011
M  60 0 00000000000000101010001100000011
E  60 1 00000011010000110000000011100011
W  64 0 00000000000000101010001100000011
M  64 0 00000011010000110000000011100011
F 64 1 00000000010000000000010100110011
W  68 0 00000011010000110000000011100011
D 68 0 00000000010000000000010100110011
F 68 1 00000000000000010010001000000011
E  72 0 00000000010000000000010100110011
D 72 1 00000000000000010010001000000011
F 72 2 00000000010000010010001010000011
M  76 0 00000000010000000000010100110011
E  76 1 00000000000000010010001000000011
D 76 2 00000000010000010010001010000011
F 76 3 00000000100000010010001100000011
W  80 0 00000000010000000000010100110011
M  80 0 00000000000000010010001000000011
E  80 1 00000000010000010010001010000011
D 80 2 00000000100000010010001100000011
F 80 3 00000000000000001000000001100111
W  80 0 00000000000000010010001000000011
M  80 0 00000000010000010010001010000011
E  80 1 00000000100000010010001100000011
D 80 2 00000000000000001000000001100111
W  80 0 00000000010000010010001010000011
M  80 0 00000000100000010010001100000011
E  80 1 00000000000000001000000001100111
W  92 0 00000000100000010010001100000011
M  92 0 00000000000000001000000001100111
F 92 1 00000000000000000000001000010011
W  96 0 00000000000000001000000001100111
D 96 0 00000000000000000000001000010011
F 96 1 11111111111101010000010100010011
E  100 0 00000000000000000000001000010011
D 100 1 11111111111101010000010100010011
F 100 2 00000000000100000000010000010011
M  108 0 00000000000000000000001000010011
E  108 1 11111111111101010000010100010011
D 108 2 00000000000100000000010000010011
F 108 3 00001100101000100101000001100011
W  108 0 00000000000000000000001000010011
M  108 0 11111111111101010000010100010011
E  108 1 00000000000100000000010000010011
D 108 2 00001100101000100101000001100011
W  108 0 11111111111101010000010100010011
M  108 0 00000000000100000000010000010011
E  108 1 00001100101000100101000001100011
W  112 0 00000000000100000000010000010011
M  112 0 00001100101000100101000001100011
F 112 1 00000000010000011000001010110011
W  116 0 00001100101000100101000001100011
D 116 0 00000000010000011000001010110011
F 116 1 00000000000000101010001100000011
E  120 0 00000000010000011000001010110011
D 120 1 00000000000000101010001100000011
F 120 2 00000000101000011000001010110011
M  124 0 00000000010000011000001010110011
E  124 1 00000000000000101010001100000011
D 124 2 00000000101000011000001010110011
F 124 3 00000000000000101010001110000011
W  128 0 00000000010000011000001010110011
M  128 0 00000000000000101010001100000011
E  128 1 00000000101000011000001010110011
D 128 2 00000000000000101010001110000011
F 128 3 00000010011100110000000011100011
W  128 0 00000000000000101010001100000011
M  128 0 00000000101000011000001010110011
E  128 1 00000000000000101010001110000011
D 128 2 00000010011100110000000011100011
W  128 0 00000000101000011000001010110011
M  128 0 00000000000000101010001110000011
E  128 1 00000010011100110000000011100011
W  124 0 00000000000000101010001110000011
M  124 0 00000010011100110000000011100011
F 124 1 00000000000000101010001110000011
W  128 0 00000010011100110000000011100011
D 128 0 00000000000000000000000000010011
F 128 1 00000010011100110000000011100011
E  128 0 00000000000000000000000000010011
D 128 1 00000010011100110000000011100011
M  136 0 00000000000000000000000000010011
E  136 1 00000010011100110000000011100011
W  136 0 00000000000000000000000000010011
M  136 0 00000010011100110000000011100011
F 136 1 00000100000000000000000011100011
W  136 0 00000010011100110000000011100011
D 136 0 00000000000000000000000000010011
E  144 0 00000000000000000000000000010011
F 144 1 00000000000100100000001000010011
M  148 0 00000000000000000000000000010011
D 148 1 00000000000100100000001000010011
F 148 2 11111111111101010000010100010011
W  152 0 00000000000000000000000000010011
E  152 0 00000000000100100000001000010011
D 152 1 11111111111101010000010100010011
F 152 2 01110100000000000000111101100011
M  152 0 00000000000100100000001000010011
E  152 1 11111111111101010000010100010011
D 152 2 01110100000000000000111101100011
W  100 0 00000000000100100000001000010011
M  100 0 11111111111101010000010100010011
E  100 1 01110100000000000000111101100011
W  100 0 11111111111101010000010100010011
M  100 0 01110100000000000000111101100011
F 100 1 00000000000100000000010000010011
W  108 0 01110100000000000000111101100011
D 108 0 00000000000000000000000000010011
F 108 1 00001100101000100101000001100011
E  108 0 00000000000000000000000000010011
D 108 1 00001100101000100101000001100011
M  108 0 00000000000000000000000000010011
E  108 1 00001100101000100101000001100011
W  112 0 00000000000000000000000000010011
M  112 0 00001100101000100101000001100011
F 112 1 00000000010000011000001010110011
W  116 0 00001100101000100101000001100011
D 116 0 00000000010000011000001010110011
F 116 1 00000000000000101010001100000011
E  120 0 00000000010000011000001010110011
D 120 1 00000000000000101010001100000011
F 120 2 00000000101000011000001010110011
M  124 0 00000000010000011000001010110011
E  124 1 00000000000000101010001100000011
D 124 2 00000000101000011000001010110011
F 124 3 00000000000000101010001110000011
W  128 0 00000000010000011000001010110011
M  128 0 00000000000000101010001100000011
E  128 1 00000000101000011000001010110011
D 128 2 00000000000000101010001110000011
F 128 3 00000010011100110000000011100011
W  140 0 00000000000000101010001100000011
M  140 0 00000000101000011000001010110011
E  140 1 00000000000000101010001110000011
D 140 2 00000010011100110000000011100011
W  140 0 00000000101000011000001010110011
M  140 0 00000000000000101010001110000011
E  140 1 00000010011100110000000011100011
W  136 0 00000000000000101010001110000011
M  136 0 00000010011100110000000011100011
F 136 1 00000100000000000000000011100011
W  136 0 00000010011100110000000011100011
D 136 0 00000000000000000000000000010011
E  144 0 00000000000000000000000000010011
F 144 1 00000000000100100000001000010011
M  148 0 00000000000000000000000000010011
D 148 1 00000000000100100000001000010011
F 148 2 11111111111101010000010100010011
W  152 0 00000000000000000000000000010011
E  152 0 00000000000100100000001000010011
D 152 1 11111111111101010000010100010011
F 152 2 01110100000000000000111101100011
M  104 0 00000000000100100000001000010011
E  104 1 11111111111101010000010100010011
D 104 2 01110100000000000000111101100011
W  104 0 00000000000100100000001000010011
M  104 0 11111111111101010000010100010011
E  104 1 01110100000000000000111101100011
W  108 0 11111111111101010000010100010011
M  108 0 01110100000000000000111101100011
F 108 1 00001100101000100101000001100011
W  108 0 01110100000000000000111101100011
D 108 0 00001100101000100101000001100011
E  152 0 00001100101000100101000001100011
M  152 0 00001100101000100101000001100011
F 152 1 01110100000000000000111101100011
W  104 0 00001100101000100101000001100011
D 104 0 00000000000000000000000000010011
E  108 0 00000000000000000000000000010011
F 108 1 00001100101000100101000001100011
M  156 0 00000000000000000000000000010011
D 156 1 00000000000000000000000000010011
W  160 0 00000000000000000000000000010011
E  160 0 00000000000000000000000000010011
M  160 0 00000000000000000000000000010011
W  160 0 00000000000000000000000000010011
